0 0 0 8 24 20 0 11 5 0 0 0 0 10 0 0 0 0 0 0 0 0 0 0 21
0 25 0 17 0 0 0 2 0 0 0 0 0 5 0 0 0 0 0 0 0 0 0 12 0
0 0 0 19 0 0 0 10 0 0 6 0 21 0 20 4 0 0 0 0 2 17 9 0 0
0 0 6 0 0 0 16 0 0 0 0 0 0 12 23 0 0 20 0 0 23 0 0 0 5
7 0 0 0 0 0 0 6 14 0 0 0 2 0 0 11 13 0 0 0 0 0 0 0 0
0 0 0 0 0 14 0 25 0 17 0 0 0 2 0 0 0 0 0 0 0 0 15 0 0
0 0 14 0 23 0 0 0 0 0 0 0 25 11 0 0 0 10 0 0 22 0 0 0 19
0 0 4 0 0 0 0 0 19 16 0 0 10 0 0 0 0 0 0 0 0 0 0 0 0
0 0 0 0 0 0 0 0 0 0 0 0 0 0 0 0 7 0 0 0 0 0 0 5 9
0 19 0 0 0 0 5 0 0 0 0 0 22 0 0 0 0 0 0 0 0 4 25 0 0
0 0 0 0 0 0 0 19 0 0 0 10 0 8 0 0 22 0 0 0 0 0 0 0 0
19 11 0 2 0 12 0 0 10 8 0 0 0 17 0 0 0 16 0 0 0 1 0 0 0
0 0 1 0 0 0 0 0 3 25 0 5 0 0 0 8 12 0 0 0 0 24 0 4 0
18 0 0 0 0 0 0 0 17 0 12 0 0 1 11 0 0 0 2 0 21 0 0 0 0
0 10 0 0 0 0 0 7 0 0 0 2 0 0 0 5 0 0 0 0 12 0 0 0 0
0 0 0 0 0 0 0 12 0 0 20 0 0 22 0 0 0 0 0 0 15 0 0 0 0
0 17 0 0 0 0 0 0 20 0 0 12 0 0 0 0 0 3 0 0 0 0 0 0 0
0 0 0 0 0 0 24 22 0 0 0 0 0 0 0 0 0 0 0 0 0 0 0 0 4
22 3 0 4 0 0 0 0 0 2 0 0 0 0 0 0 0 0 23 0 0 0 0 0 0
0 0 0 0 0 0 14 0 0 0 0 0 0 0 10 0 0 0 0 0 0 0 11 0 17
0 0 0 13 0 0 0 20 0 0 2 0 0 0 0 0 0 0 0 0 5 18 0 0 0
0 0 0 0 0 0 0 0 0 0 14 0 11 0 0 0 0 0 0 3 25 0 0 0 0
0 0 22 0 0 0 0 0 12 0 0 0 0 0 0 25 20 0 4 0 0 0 0 0 11
0 9 0 0 0 0 0 13 0 0 0 1 0 0 0 10 0 0 0 18 0 0 0 0 0
0 16 0 0 0 0 0 0 0 0 0 0 0 0 0 12 0 0 0 0 24 0 0 0 15
