14 23 0 0 0 20 0 11 0 0 0 0 0 0 18 15 0 1 22 0 19 0 0 0 0
0 0 0 17 0 0 0 2 0 1 0 11 0 0 0 18 0 0 19 0 0 0 6 0 0
16 0 0 0 0 0 18 0 0 0 0 0 0 0 0 0 0 0 0 7 0 0 0 0 0
0 0 0 0 0 9 0 0 0 0 0 0 0 12 0 17 0 0 0 0 0 0 0 18 0
7 0 0 0 0 0 19 0 14 0 0 0 2 0 0 0 0 0 0 0 0 0 0 0 0
0 0 0 0 0 14 0 0 22 0 0 0 0 0 6 0 0 0 0 0 0 0 0 0 0
0 0 0 9 0 0 0 0 0 0 0 0 0 0 0 0 0 0 13 0 22 0 7 0 19
6 2 4 1 0 0 12 0 0 0 0 0 0 20 5 22 0 0 0 0 0 0 0 0 0
0 8 0 0 0 0 8 0 0 0 0 0 0 18 0 0 0 25 0 4 10 0 0 0 9
12 0 0 0 0 0 0 0 0 7 0 0 0 3 17 0 0 0 0 15 0 0 0 0 0
0 0 0 0 0 0 0 0 0 20 0 10 0 8 21 0 0 0 0 0 6 0 0 0 2
19 0 0 0 0 0 0 0 0 8 0 0 0 0 0 21 0 0 0 0 0 0 0 0 0
15 0 0 0 0 0 0 21 0 0 0 0 0 0 0 8 0 0 14 0 0 0 10 0 0
0 0 0 0 0 0 0 0 17 0 0 0 13 0 0 3 0 0 2 0 0 0 0 0 0
0 0 0 0 0 0 0 7 0 0 24 0 0 0 22 0 0 0 17 0 0 8 3 0 0
0 8 0 0 0 0 0 0 0 0 0 16 24 0 0 0 0 17 0 0 0 0 0 0 0
0 0 0 0 0 0 15 4 20 0 0 12 0 0 0 0 24 0 0 22 8 0 0 0 0
0 0 0 12 6 0 0 22 16 0 0 0 0 25 0 20 5 21 0 0 0 0 23 14 0
0 0 0 0 0 0 0 5 0 0 0 0 0 21 0 13 0 0 0 0 0 0 20 0 12
0 0 0 0 0 0 0 0 0 0 0 0 0 19 0 0 0 0 0 0 0 0 0 0 0
0 0 0 0 15 0 0 0 0 0 2 0 0 0 0 0 19 0 21 0 0 0 0 0 0
0 0 0 0 0 0 0 0 0 0 0 8 0 6 0 0 0 9 0 0 0 13 4 0 0
0 0 0 0 0 0 0 0 0 0 0 0 0 24 0 0 0 23 0 0 0 3 1 0 0
0 9 0 0 0 0 0 0 0 0 0 0 5 7 0 0 0 0 0 0 16 0 12 0 0
0 0 0 0 0 0 0 17 0 0 0 23 0 0 25 12 0 22 0 0 0 0 2 0 15
