14 0 2 0 0 0 0 0 0 0 3 0 0 0 0 0 0 1 0 0 0 0 13 16 0
0 0 0 0 0 0 0 0 0 0 0 0 0 0 0 0 0 0 0 0 0 0 0 0 0
16 0 0 0 0 0 0 0 0 0 0 14 0 0 0 0 0 0 0 7 0 0 0 0 3
0 0 6 0 0 0 0 8 0 0 0 0 19 0 0 0 0 20 0 0 0 11 0 18 0
0 0 0 0 0 0 19 0 0 0 9 4 0 16 0 0 0 0 0 21 0 0 0 20 0
0 0 16 0 0 14 10 0 22 0 0 0 0 0 0 0 0 0 0 0 0 0 15 0 0
0 0 0 0 0 0 0 0 0 0 0 0 0 0 0 0 16 0 0 0 22 0 0 2 19
0 0 0 0 0 0 0 0 0 0 0 0 0 0 0 0 0 0 0 0 0 23 0 0 0
0 0 0 0 22 0 8 23 0 0 0 0 0 18 0 0 0 0 20 4 10 0 0 0 9
0 0 0 0 0 0 0 0 0 7 16 0 0 3 0 0 0 6 0 0 0 0 0 0 0
0 0 0 0 0 0 0 19 0 0 0 10 0 0 21 9 22 0 0 0 0 14 0 0 0
0 0 0 2 0 0 0 0 10 0 0 0 0 0 0 0 0 0 0 0 20 0 0 13 0
0 0 0 0 17 0 13 0 0 0 19 0 0 0 16 0 0 0 0 0 0 0 0 0 0
18 0 0 0 0 16 0 24 17 0 0 0 0 1 0 0 0 4 0 0 21 5 19 0 7
0 0 0 0 0 0 0 0 1 4 0 2 0 0 0 0 0 0 0 0 0 0 0 9 16
0 0 0 0 0 0 0 0 7 0 20 0 0 0 0 0 2 0 0 0 0 0 0 0 0
11 0 0 0 0 0 0 4 0 0 23 0 0 0 2 6 24 0 0 0 8 16 21 0 0
0 0 0 0 6 0 24 0 0 0 0 0 0 0 0 0 0 0 0 0 0 0 0 14 4
0 0 0 4 0 0 0 0 0 0 11 0 14 0 0 0 0 0 23 1 0 0 0 0 12
0 0 0 0 0 0 0 0 0 0 0 0 0 0 0 16 0 0 0 0 0 0 0 0 0
0 1 0 0 15 0 0 0 4 10 0 22 0 0 0 0 19 0 0 8 5 0 0 0 6
0 0 0 0 0 0 21 1 0 22 14 0 0 0 0 0 17 0 0 3 25 0 0 0 20
0 6 22 7 0 0 0 16 0 0 10 0 0 0 0 0 0 0 0 0 0 0 1 0 0
0 0 0 14 11 0 0 0 0 0 17 1 0 0 0 10 0 2 15 18 0 0 0 0 0
0 0 0 0 0 0 0 17 9 0 0 0 0 0 25 0 1 0 5 0 0 0 0 0 0
