0 0 6 0 0 0 0 0 0 0 0 0 0 0 0 0 0 0 8 0 0 0 0 0 0
0 25 17 0 0 19 0 0 0 0 0 0 6 0 0 0 0 0 0 0 0 0 0 0 0
0 0 0 0 12 0 0 0 9 0 0 0 0 21 0 0 18 14 4 0 5 0 0 0 0
0 0 0 0 0 0 0 0 0 0 0 0 0 0 0 0 0 0 0 0 18 0 0 0 0
0 0 0 0 0 0 0 0 0 0 0 0 0 0 2 19 0 15 15 5 0 0 16 0 0
0 0 11 0 0 0 0 0 0 0 3 0 0 0 0 4 0 0 6 0 0 2 0 0 17
0 0 6 13 0 0 0 15 0 0 0 0 0 0 0 12 0 0 0 0 0 0 0 0 13
0 0 0 0 0 0 0 0 0 0 20 0 0 0 0 0 0 0 9 0 0 0 0 0 0
0 0 0 0 0 10 0 0 0 0 0 0 0 0 16 0 0 0 0 0 25 0 0 0 0
0 0 0 0 18 12 0 0 0 0 0 8 0 0 0 0 0 0 0 0 0 0 2 0 0
0 18 15 0 0 0 0 0 0 0 0 0 0 0 0 0 0 0 0 0 0 0 0 0 9
4 0 0 7 0 0 11 0 19 0 0 0 0 0 0 0 0 0 0 0 0 0 0 1 12
0 0 0 2 14 0 0 0 0 0 17 0 0 0 0 0 0 0 16 0 0 23 0 3 0
5 0 0 0 0 0 0 0 0 23 21 0 0 0 0 0 0 0 0 0 14 0 0 0 0
0 3 4 0 0 2 0 0 0 12 0 0 0 0 10 0 0 0 0 0 0 18 0 0 0
0 0 0 0 0 0 22 0 0 23 0 0 0 5 0 0 21 0 17 0 0 0 0 0 0
0 2 25 0 0 0 0 0 0 0 0 14 22 0 0 0 13 0 7 0 0 9 0 16 0
13 0 0 0 0 0 0 0 0 0 11 0 0 0 0 1 0 20 0 0 0 0 14 0 0
0 0 0 0 17 0 0 25 0 0 0 0 0 7 5 0 0 25 0 0 0 0 0 0 0
0 0 0 0 0 0 0 0 0 0 15 0 10 3 0 0 0 0 0 0 0 0 0 0 0
2 0 0 0 0 21 8 0 0 0 0 0 0 0 0 0 21 0 4 0 0 0 0 0 0
3 0 12 0 0 0 23 0 0 0 0 0 0 0 0 0 0 0 0 0 0 7 0 0 5
10 0 25 0 0 0 0 0 0 0 6 0 0 0 15 12 0 0 0 0 0 0 0 0 0
0 0 0 0 0 0 0 0 0 0 0 0 9 16 0 0 17 0 0 0 0 0 14 8 0
0 0 0 0 0 0 8 4 0 0 0 10 0 0 0 0 0 0 0 7 0 0 0 0 10
